{
 "cells": [
  {
   "cell_type": "code",
   "execution_count": 1,
   "metadata": {},
   "outputs": [],
   "source": [
    "import pandas as pd"
   ]
  },
  {
   "cell_type": "code",
   "execution_count": 4,
   "metadata": {},
   "outputs": [
    {
     "data": {
      "text/html": [
       "<div>\n",
       "<style scoped>\n",
       "    .dataframe tbody tr th:only-of-type {\n",
       "        vertical-align: middle;\n",
       "    }\n",
       "\n",
       "    .dataframe tbody tr th {\n",
       "        vertical-align: top;\n",
       "    }\n",
       "\n",
       "    .dataframe thead th {\n",
       "        text-align: right;\n",
       "    }\n",
       "</style>\n",
       "<table border=\"1\" class=\"dataframe\">\n",
       "  <thead>\n",
       "    <tr style=\"text-align: right;\">\n",
       "      <th></th>\n",
       "      <th>Date</th>\n",
       "      <th>Low</th>\n",
       "      <th>Open</th>\n",
       "      <th>Volume</th>\n",
       "      <th>High</th>\n",
       "      <th>Close</th>\n",
       "      <th>Adjusted Close</th>\n",
       "    </tr>\n",
       "  </thead>\n",
       "  <tbody>\n",
       "    <tr>\n",
       "      <th>0</th>\n",
       "      <td>18-12-2013</td>\n",
       "      <td>18.900000</td>\n",
       "      <td>19.180000</td>\n",
       "      <td>5457200</td>\n",
       "      <td>19.790001</td>\n",
       "      <td>18.900000</td>\n",
       "      <td>13.593408</td>\n",
       "    </tr>\n",
       "    <tr>\n",
       "      <th>1</th>\n",
       "      <td>19-12-2013</td>\n",
       "      <td>18.809999</td>\n",
       "      <td>18.900000</td>\n",
       "      <td>1605400</td>\n",
       "      <td>19.490000</td>\n",
       "      <td>19.490000</td>\n",
       "      <td>14.017756</td>\n",
       "    </tr>\n",
       "    <tr>\n",
       "      <th>2</th>\n",
       "      <td>20-12-2013</td>\n",
       "      <td>19.400000</td>\n",
       "      <td>19.650000</td>\n",
       "      <td>737100</td>\n",
       "      <td>19.770000</td>\n",
       "      <td>19.680000</td>\n",
       "      <td>14.154408</td>\n",
       "    </tr>\n",
       "    <tr>\n",
       "      <th>3</th>\n",
       "      <td>23-12-2013</td>\n",
       "      <td>19.500000</td>\n",
       "      <td>19.790001</td>\n",
       "      <td>698100</td>\n",
       "      <td>19.990000</td>\n",
       "      <td>19.740000</td>\n",
       "      <td>14.197564</td>\n",
       "    </tr>\n",
       "    <tr>\n",
       "      <th>4</th>\n",
       "      <td>24-12-2013</td>\n",
       "      <td>19.500000</td>\n",
       "      <td>19.740000</td>\n",
       "      <td>213700</td>\n",
       "      <td>19.820000</td>\n",
       "      <td>19.530001</td>\n",
       "      <td>14.046525</td>\n",
       "    </tr>\n",
       "    <tr>\n",
       "      <th>...</th>\n",
       "      <td>...</td>\n",
       "      <td>...</td>\n",
       "      <td>...</td>\n",
       "      <td>...</td>\n",
       "      <td>...</td>\n",
       "      <td>...</td>\n",
       "      <td>...</td>\n",
       "    </tr>\n",
       "    <tr>\n",
       "      <th>1878</th>\n",
       "      <td>07-06-2021</td>\n",
       "      <td>51.500000</td>\n",
       "      <td>52.380001</td>\n",
       "      <td>349094900</td>\n",
       "      <td>59.680000</td>\n",
       "      <td>55.000000</td>\n",
       "      <td>55.000000</td>\n",
       "    </tr>\n",
       "    <tr>\n",
       "      <th>1879</th>\n",
       "      <td>08-06-2021</td>\n",
       "      <td>52.770000</td>\n",
       "      <td>57.160000</td>\n",
       "      <td>214490300</td>\n",
       "      <td>60.619999</td>\n",
       "      <td>55.049999</td>\n",
       "      <td>55.049999</td>\n",
       "    </tr>\n",
       "    <tr>\n",
       "      <th>1880</th>\n",
       "      <td>09-06-2021</td>\n",
       "      <td>48.119999</td>\n",
       "      <td>52.200001</td>\n",
       "      <td>150361300</td>\n",
       "      <td>53.389999</td>\n",
       "      <td>49.340000</td>\n",
       "      <td>49.340000</td>\n",
       "    </tr>\n",
       "    <tr>\n",
       "      <th>1881</th>\n",
       "      <td>10-06-2021</td>\n",
       "      <td>39.709999</td>\n",
       "      <td>47.930000</td>\n",
       "      <td>224860600</td>\n",
       "      <td>51.500000</td>\n",
       "      <td>42.810001</td>\n",
       "      <td>42.810001</td>\n",
       "    </tr>\n",
       "    <tr>\n",
       "      <th>1882</th>\n",
       "      <td>11-06-2021</td>\n",
       "      <td>42.009998</td>\n",
       "      <td>44.680000</td>\n",
       "      <td>215932000</td>\n",
       "      <td>49.599998</td>\n",
       "      <td>49.400002</td>\n",
       "      <td>49.400002</td>\n",
       "    </tr>\n",
       "  </tbody>\n",
       "</table>\n",
       "<p>1883 rows × 7 columns</p>\n",
       "</div>"
      ],
      "text/plain": [
       "            Date        Low       Open     Volume       High      Close  \\\n",
       "0     18-12-2013  18.900000  19.180000    5457200  19.790001  18.900000   \n",
       "1     19-12-2013  18.809999  18.900000    1605400  19.490000  19.490000   \n",
       "2     20-12-2013  19.400000  19.650000     737100  19.770000  19.680000   \n",
       "3     23-12-2013  19.500000  19.790001     698100  19.990000  19.740000   \n",
       "4     24-12-2013  19.500000  19.740000     213700  19.820000  19.530001   \n",
       "...          ...        ...        ...        ...        ...        ...   \n",
       "1878  07-06-2021  51.500000  52.380001  349094900  59.680000  55.000000   \n",
       "1879  08-06-2021  52.770000  57.160000  214490300  60.619999  55.049999   \n",
       "1880  09-06-2021  48.119999  52.200001  150361300  53.389999  49.340000   \n",
       "1881  10-06-2021  39.709999  47.930000  224860600  51.500000  42.810001   \n",
       "1882  11-06-2021  42.009998  44.680000  215932000  49.599998  49.400002   \n",
       "\n",
       "      Adjusted Close  \n",
       "0          13.593408  \n",
       "1          14.017756  \n",
       "2          14.154408  \n",
       "3          14.197564  \n",
       "4          14.046525  \n",
       "...              ...  \n",
       "1878       55.000000  \n",
       "1879       55.049999  \n",
       "1880       49.340000  \n",
       "1881       42.810001  \n",
       "1882       49.400002  \n",
       "\n",
       "[1883 rows x 7 columns]"
      ]
     },
     "execution_count": 4,
     "metadata": {},
     "output_type": "execute_result"
    }
   ],
   "source": [
    "#Loading All Stock Prices to a Data Frame\n",
    "stock_df = pd.read_csv(\"../stock_reddit_data/AMC.csv\")\n",
    "stock_df"
   ]
  },
  {
   "cell_type": "code",
   "execution_count": 6,
   "metadata": {},
   "outputs": [
    {
     "data": {
      "text/html": [
       "<div>\n",
       "<style scoped>\n",
       "    .dataframe tbody tr th:only-of-type {\n",
       "        vertical-align: middle;\n",
       "    }\n",
       "\n",
       "    .dataframe tbody tr th {\n",
       "        vertical-align: top;\n",
       "    }\n",
       "\n",
       "    .dataframe thead th {\n",
       "        text-align: right;\n",
       "    }\n",
       "</style>\n",
       "<table border=\"1\" class=\"dataframe\">\n",
       "  <thead>\n",
       "    <tr style=\"text-align: right;\">\n",
       "      <th></th>\n",
       "      <th>Date</th>\n",
       "      <th>Low</th>\n",
       "      <th>Open</th>\n",
       "      <th>Volume</th>\n",
       "      <th>High</th>\n",
       "      <th>Close</th>\n",
       "      <th>Adjusted Close</th>\n",
       "    </tr>\n",
       "  </thead>\n",
       "  <tbody>\n",
       "    <tr>\n",
       "      <th>0</th>\n",
       "      <td>2013-12-18</td>\n",
       "      <td>18.900000</td>\n",
       "      <td>19.180000</td>\n",
       "      <td>5457200</td>\n",
       "      <td>19.790001</td>\n",
       "      <td>18.900000</td>\n",
       "      <td>13.593408</td>\n",
       "    </tr>\n",
       "    <tr>\n",
       "      <th>1</th>\n",
       "      <td>2013-12-19</td>\n",
       "      <td>18.809999</td>\n",
       "      <td>18.900000</td>\n",
       "      <td>1605400</td>\n",
       "      <td>19.490000</td>\n",
       "      <td>19.490000</td>\n",
       "      <td>14.017756</td>\n",
       "    </tr>\n",
       "    <tr>\n",
       "      <th>2</th>\n",
       "      <td>2013-12-20</td>\n",
       "      <td>19.400000</td>\n",
       "      <td>19.650000</td>\n",
       "      <td>737100</td>\n",
       "      <td>19.770000</td>\n",
       "      <td>19.680000</td>\n",
       "      <td>14.154408</td>\n",
       "    </tr>\n",
       "    <tr>\n",
       "      <th>3</th>\n",
       "      <td>2013-12-23</td>\n",
       "      <td>19.500000</td>\n",
       "      <td>19.790001</td>\n",
       "      <td>698100</td>\n",
       "      <td>19.990000</td>\n",
       "      <td>19.740000</td>\n",
       "      <td>14.197564</td>\n",
       "    </tr>\n",
       "    <tr>\n",
       "      <th>4</th>\n",
       "      <td>2013-12-24</td>\n",
       "      <td>19.500000</td>\n",
       "      <td>19.740000</td>\n",
       "      <td>213700</td>\n",
       "      <td>19.820000</td>\n",
       "      <td>19.530001</td>\n",
       "      <td>14.046525</td>\n",
       "    </tr>\n",
       "    <tr>\n",
       "      <th>...</th>\n",
       "      <td>...</td>\n",
       "      <td>...</td>\n",
       "      <td>...</td>\n",
       "      <td>...</td>\n",
       "      <td>...</td>\n",
       "      <td>...</td>\n",
       "      <td>...</td>\n",
       "    </tr>\n",
       "    <tr>\n",
       "      <th>1878</th>\n",
       "      <td>2021-06-07</td>\n",
       "      <td>51.500000</td>\n",
       "      <td>52.380001</td>\n",
       "      <td>349094900</td>\n",
       "      <td>59.680000</td>\n",
       "      <td>55.000000</td>\n",
       "      <td>55.000000</td>\n",
       "    </tr>\n",
       "    <tr>\n",
       "      <th>1879</th>\n",
       "      <td>2021-06-08</td>\n",
       "      <td>52.770000</td>\n",
       "      <td>57.160000</td>\n",
       "      <td>214490300</td>\n",
       "      <td>60.619999</td>\n",
       "      <td>55.049999</td>\n",
       "      <td>55.049999</td>\n",
       "    </tr>\n",
       "    <tr>\n",
       "      <th>1880</th>\n",
       "      <td>2021-06-09</td>\n",
       "      <td>48.119999</td>\n",
       "      <td>52.200001</td>\n",
       "      <td>150361300</td>\n",
       "      <td>53.389999</td>\n",
       "      <td>49.340000</td>\n",
       "      <td>49.340000</td>\n",
       "    </tr>\n",
       "    <tr>\n",
       "      <th>1881</th>\n",
       "      <td>2021-06-10</td>\n",
       "      <td>39.709999</td>\n",
       "      <td>47.930000</td>\n",
       "      <td>224860600</td>\n",
       "      <td>51.500000</td>\n",
       "      <td>42.810001</td>\n",
       "      <td>42.810001</td>\n",
       "    </tr>\n",
       "    <tr>\n",
       "      <th>1882</th>\n",
       "      <td>2021-06-11</td>\n",
       "      <td>42.009998</td>\n",
       "      <td>44.680000</td>\n",
       "      <td>215932000</td>\n",
       "      <td>49.599998</td>\n",
       "      <td>49.400002</td>\n",
       "      <td>49.400002</td>\n",
       "    </tr>\n",
       "  </tbody>\n",
       "</table>\n",
       "<p>1883 rows × 7 columns</p>\n",
       "</div>"
      ],
      "text/plain": [
       "           Date        Low       Open     Volume       High      Close  \\\n",
       "0    2013-12-18  18.900000  19.180000    5457200  19.790001  18.900000   \n",
       "1    2013-12-19  18.809999  18.900000    1605400  19.490000  19.490000   \n",
       "2    2013-12-20  19.400000  19.650000     737100  19.770000  19.680000   \n",
       "3    2013-12-23  19.500000  19.790001     698100  19.990000  19.740000   \n",
       "4    2013-12-24  19.500000  19.740000     213700  19.820000  19.530001   \n",
       "...         ...        ...        ...        ...        ...        ...   \n",
       "1878 2021-06-07  51.500000  52.380001  349094900  59.680000  55.000000   \n",
       "1879 2021-06-08  52.770000  57.160000  214490300  60.619999  55.049999   \n",
       "1880 2021-06-09  48.119999  52.200001  150361300  53.389999  49.340000   \n",
       "1881 2021-06-10  39.709999  47.930000  224860600  51.500000  42.810001   \n",
       "1882 2021-06-11  42.009998  44.680000  215932000  49.599998  49.400002   \n",
       "\n",
       "      Adjusted Close  \n",
       "0          13.593408  \n",
       "1          14.017756  \n",
       "2          14.154408  \n",
       "3          14.197564  \n",
       "4          14.046525  \n",
       "...              ...  \n",
       "1878       55.000000  \n",
       "1879       55.049999  \n",
       "1880       49.340000  \n",
       "1881       42.810001  \n",
       "1882       49.400002  \n",
       "\n",
       "[1883 rows x 7 columns]"
      ]
     },
     "execution_count": 6,
     "metadata": {},
     "output_type": "execute_result"
    }
   ],
   "source": [
    "#Change formate to yy-mm-dd\n",
    "stock_df[\"Date\"] = pd.to_datetime(stock_df[\"Date\"], format=\"%d-%m-%Y\")\n",
    "stock_df"
   ]
  },
  {
   "cell_type": "code",
   "execution_count": 9,
   "metadata": {},
   "outputs": [
    {
     "data": {
      "text/html": [
       "<div>\n",
       "<style scoped>\n",
       "    .dataframe tbody tr th:only-of-type {\n",
       "        vertical-align: middle;\n",
       "    }\n",
       "\n",
       "    .dataframe tbody tr th {\n",
       "        vertical-align: top;\n",
       "    }\n",
       "\n",
       "    .dataframe thead th {\n",
       "        text-align: right;\n",
       "    }\n",
       "</style>\n",
       "<table border=\"1\" class=\"dataframe\">\n",
       "  <thead>\n",
       "    <tr style=\"text-align: right;\">\n",
       "      <th></th>\n",
       "      <th>Date</th>\n",
       "      <th>Low</th>\n",
       "      <th>Open</th>\n",
       "      <th>Volume</th>\n",
       "      <th>High</th>\n",
       "      <th>Close</th>\n",
       "      <th>Adjusted Close</th>\n",
       "    </tr>\n",
       "  </thead>\n",
       "  <tbody>\n",
       "    <tr>\n",
       "      <th>0</th>\n",
       "      <td>2013-12-18</td>\n",
       "      <td>18.900000</td>\n",
       "      <td>19.180000</td>\n",
       "      <td>5457200</td>\n",
       "      <td>19.790001</td>\n",
       "      <td>18.900000</td>\n",
       "      <td>13.593408</td>\n",
       "    </tr>\n",
       "    <tr>\n",
       "      <th>1</th>\n",
       "      <td>2013-12-19</td>\n",
       "      <td>18.809999</td>\n",
       "      <td>18.900000</td>\n",
       "      <td>1605400</td>\n",
       "      <td>19.490000</td>\n",
       "      <td>19.490000</td>\n",
       "      <td>14.017756</td>\n",
       "    </tr>\n",
       "    <tr>\n",
       "      <th>2</th>\n",
       "      <td>2013-12-20</td>\n",
       "      <td>19.400000</td>\n",
       "      <td>19.650000</td>\n",
       "      <td>737100</td>\n",
       "      <td>19.770000</td>\n",
       "      <td>19.680000</td>\n",
       "      <td>14.154408</td>\n",
       "    </tr>\n",
       "    <tr>\n",
       "      <th>3</th>\n",
       "      <td>2013-12-23</td>\n",
       "      <td>19.500000</td>\n",
       "      <td>19.790001</td>\n",
       "      <td>698100</td>\n",
       "      <td>19.990000</td>\n",
       "      <td>19.740000</td>\n",
       "      <td>14.197564</td>\n",
       "    </tr>\n",
       "    <tr>\n",
       "      <th>4</th>\n",
       "      <td>2013-12-24</td>\n",
       "      <td>19.500000</td>\n",
       "      <td>19.740000</td>\n",
       "      <td>213700</td>\n",
       "      <td>19.820000</td>\n",
       "      <td>19.530001</td>\n",
       "      <td>14.046525</td>\n",
       "    </tr>\n",
       "    <tr>\n",
       "      <th>...</th>\n",
       "      <td>...</td>\n",
       "      <td>...</td>\n",
       "      <td>...</td>\n",
       "      <td>...</td>\n",
       "      <td>...</td>\n",
       "      <td>...</td>\n",
       "      <td>...</td>\n",
       "    </tr>\n",
       "    <tr>\n",
       "      <th>1878</th>\n",
       "      <td>2021-06-07</td>\n",
       "      <td>51.500000</td>\n",
       "      <td>52.380001</td>\n",
       "      <td>349094900</td>\n",
       "      <td>59.680000</td>\n",
       "      <td>55.000000</td>\n",
       "      <td>55.000000</td>\n",
       "    </tr>\n",
       "    <tr>\n",
       "      <th>1879</th>\n",
       "      <td>2021-06-08</td>\n",
       "      <td>52.770000</td>\n",
       "      <td>57.160000</td>\n",
       "      <td>214490300</td>\n",
       "      <td>60.619999</td>\n",
       "      <td>55.049999</td>\n",
       "      <td>55.049999</td>\n",
       "    </tr>\n",
       "    <tr>\n",
       "      <th>1880</th>\n",
       "      <td>2021-06-09</td>\n",
       "      <td>48.119999</td>\n",
       "      <td>52.200001</td>\n",
       "      <td>150361300</td>\n",
       "      <td>53.389999</td>\n",
       "      <td>49.340000</td>\n",
       "      <td>49.340000</td>\n",
       "    </tr>\n",
       "    <tr>\n",
       "      <th>1881</th>\n",
       "      <td>2021-06-10</td>\n",
       "      <td>39.709999</td>\n",
       "      <td>47.930000</td>\n",
       "      <td>224860600</td>\n",
       "      <td>51.500000</td>\n",
       "      <td>42.810001</td>\n",
       "      <td>42.810001</td>\n",
       "    </tr>\n",
       "    <tr>\n",
       "      <th>1882</th>\n",
       "      <td>2021-06-11</td>\n",
       "      <td>42.009998</td>\n",
       "      <td>44.680000</td>\n",
       "      <td>215932000</td>\n",
       "      <td>49.599998</td>\n",
       "      <td>49.400002</td>\n",
       "      <td>49.400002</td>\n",
       "    </tr>\n",
       "  </tbody>\n",
       "</table>\n",
       "<p>1883 rows × 7 columns</p>\n",
       "</div>"
      ],
      "text/plain": [
       "           Date        Low       Open     Volume       High      Close  \\\n",
       "0    2013-12-18  18.900000  19.180000    5457200  19.790001  18.900000   \n",
       "1    2013-12-19  18.809999  18.900000    1605400  19.490000  19.490000   \n",
       "2    2013-12-20  19.400000  19.650000     737100  19.770000  19.680000   \n",
       "3    2013-12-23  19.500000  19.790001     698100  19.990000  19.740000   \n",
       "4    2013-12-24  19.500000  19.740000     213700  19.820000  19.530001   \n",
       "...         ...        ...        ...        ...        ...        ...   \n",
       "1878 2021-06-07  51.500000  52.380001  349094900  59.680000  55.000000   \n",
       "1879 2021-06-08  52.770000  57.160000  214490300  60.619999  55.049999   \n",
       "1880 2021-06-09  48.119999  52.200001  150361300  53.389999  49.340000   \n",
       "1881 2021-06-10  39.709999  47.930000  224860600  51.500000  42.810001   \n",
       "1882 2021-06-11  42.009998  44.680000  215932000  49.599998  49.400002   \n",
       "\n",
       "      Adjusted Close  \n",
       "0          13.593408  \n",
       "1          14.017756  \n",
       "2          14.154408  \n",
       "3          14.197564  \n",
       "4          14.046525  \n",
       "...              ...  \n",
       "1878       55.000000  \n",
       "1879       55.049999  \n",
       "1880       49.340000  \n",
       "1881       42.810001  \n",
       "1882       49.400002  \n",
       "\n",
       "[1883 rows x 7 columns]"
      ]
     },
     "execution_count": 9,
     "metadata": {},
     "output_type": "execute_result"
    }
   ],
   "source": [
    "#Drop any rows with null values\n",
    "stock_df.dropna()"
   ]
  },
  {
   "cell_type": "code",
   "execution_count": 10,
   "metadata": {},
   "outputs": [
    {
     "data": {
      "text/plain": [
       "Date              datetime64[ns]\n",
       "Low                      float64\n",
       "Open                     float64\n",
       "Volume                     int64\n",
       "High                     float64\n",
       "Close                    float64\n",
       "Adjusted Close           float64\n",
       "dtype: object"
      ]
     },
     "execution_count": 10,
     "metadata": {},
     "output_type": "execute_result"
    }
   ],
   "source": [
    "stock_df.dtypes"
   ]
  },
  {
   "cell_type": "code",
   "execution_count": 11,
   "metadata": {},
   "outputs": [],
   "source": [
    "#Export dateframe to CSV\n",
    "stock_df.to_csv(\"AMC_Cleaned.csv\",index=False)"
   ]
  }
 ],
 "metadata": {
  "kernelspec": {
   "display_name": "PythonData",
   "language": "python",
   "name": "pythondata"
  },
  "language_info": {
   "codemirror_mode": {
    "name": "ipython",
    "version": 3
   },
   "file_extension": ".py",
   "mimetype": "text/x-python",
   "name": "python",
   "nbconvert_exporter": "python",
   "pygments_lexer": "ipython3",
   "version": "3.8.5"
  }
 },
 "nbformat": 4,
 "nbformat_minor": 4
}
